columns are predicted labels, rows are true labels:
[[  0   0   0 ...   0   0   0]
 [  0   0   0 ...   0   0   0]
 [  0   0   0 ...   0   0   0]
 ...
 [  0   0   0 ... 152   0   0]
 [  0   0   0 ...   0   1   0]
 [  0   0   0 ...   0   0  35]]
              precision    recall  f1-score   support

         abk       0.00      0.00      0.00         4
         acm       0.00      0.00      0.00         9
         ady       0.00      0.00      0.00        11
         afb       0.03      0.03      0.03        29
         afh       0.12      0.05      0.07        21
         afr       0.20      0.19      0.20       849
         aii       0.00      0.00      0.00         3
         ain       0.10      0.13      0.12        46
         ajp       0.00      0.00      0.00         2
         akl       0.00      0.00      0.00         9
         aln       0.00      0.00      0.00         8
         alt       0.00      0.00      0.00         1
         amh       0.65      0.63      0.64        41
         ang       0.01      0.01      0.01        74
         aoz       0.00      0.00      0.00        14
         apc       0.06      0.06      0.06        18
         ara       0.82      0.82      0.82      7700
         arg       0.10      0.14      0.12        22
         arq       0.17      0.18      0.18       465
         ary       0.00      0.00      0.00        15
         arz       0.03      0.04      0.04       208
         asm       0.74      0.75      0.74       647
         ast       0.03      0.04      0.04        45
         avk       0.19      0.22      0.20       825
         awa       0.15      0.20      0.17        51
         ayl       0.00      0.00      0.00         1
         aze       0.30      0.28      0.29      1068
         bak       0.04      0.06      0.05        33
         bal       0.12      0.10      0.11        21
         bam       0.00      0.00      0.00         5
         ban       0.00      0.00      0.00         0
         bar       0.03      0.02      0.03        45
         bcl       0.00      0.00      0.00         1
         bel       0.21      0.20      0.21      2511
         ben       0.84      0.83      0.83       984
         ber       0.71      0.72      0.72    118176
         bfz       0.33      0.08      0.12        13
         bho       0.00      0.00      0.00         9
         bis       0.00      0.00      0.00         6
         bjn       0.10      0.07      0.08        30
         bod       1.00      1.00      1.00         6
         bom       0.00      0.00      0.00         6
         bos       0.05      0.05      0.05       116
         bre       0.23      0.21      0.22      1512
         bua       0.15      0.19      0.16       158
         bul       0.32      0.32      0.32      4916
         bvy       0.00      0.00      0.00        17
         bzt       0.07      0.08      0.08        48
         cat       0.09      0.08      0.09      1756
         cay       0.00      0.00      0.00         9
         cbk       0.16      0.16      0.16       488
         ceb       0.04      0.04      0.04       286
         ces       0.33      0.32      0.33     12795
         cha       0.07      0.09      0.08        65
         che       0.00      0.00      0.00         7
         chg       0.00      0.00      0.00         0
         chn       0.00      0.00      0.00        14
         cho       0.00      0.00      0.00        25
         chr       0.75      0.38      0.50         8
         chv       0.33      0.31      0.32       301
         cjy       0.00      0.00      0.00         2
         ckb       0.75      0.76      0.75      2142
         ckt       0.37      0.34      0.35       119
         cmn       0.86      0.85      0.86     14306
         cmo       0.32      0.47      0.38        15
         cor       0.39      0.40      0.40       738
         cos       0.00      0.00      0.00         6
         cpi       0.00      0.00      0.00         2
         crh       0.00      0.00      0.00        61
         crk       0.00      0.00      0.00         1
         crs       0.00      0.00      0.00         1
         csb       0.07      0.05      0.06       164
        cycl       0.50      0.20      0.29        10
         cym       0.10      0.09      0.10       287
         cyo       0.00      0.00      0.00         0
         dan       0.38      0.38      0.38     11160
         deu       0.84      0.84      0.84    117305
         diq       0.00      0.00      0.00         0
         div       0.57      1.00      0.73         4
         dng       0.00      0.00      0.00         4
         drt       0.00      0.00      0.00         8
         dsb       0.11      0.10      0.10       202
         dtp       0.08      0.07      0.07       568
         dws       0.55      0.35      0.43        17
         egl       0.11      0.06      0.08        32
         ell       0.99      0.99      0.99      6973
         emx       0.00      0.00      0.00         1
         eng       0.89      0.90      0.89    317178
         enm       0.04      0.04      0.04        25
         epo       0.78      0.79      0.78    137117
         est       0.18      0.15      0.17       723
         eus       0.08      0.07      0.08      1272
         evn       0.17      0.25      0.21        16
         ewe       0.00      0.00      0.00         4
         ext       0.38      0.23      0.29        13
         fao       0.05      0.06      0.06        67
         fij       0.29      0.29      0.29         7
         fin       0.53      0.54      0.54     27749
         fkv       0.03      0.03      0.03        91
         fra       0.75      0.75      0.75     99922
         frm       0.00      0.00      0.00         5
         fro       0.00      0.00      0.00        20
         frr       0.15      0.14      0.15       553
         fry       0.10      0.07      0.08        71
         fuc       0.00      0.00      0.00         0
         fur       0.00      0.00      0.00         7
         fuv       0.09      0.20      0.13         5
         gaa       0.00      0.00      0.00         2
         gag       0.00      0.00      0.00         4
         gan       0.00      0.00      0.00         1
         gbm       0.00      0.00      0.00         6
         gcf       0.36      0.33      0.34       411
         gil       0.00      0.00      0.00         4
         gla       0.17      0.13      0.15       214
         gle       0.21      0.17      0.19       515
         glg       0.03      0.03      0.03       955
         glv       0.00      0.00      0.00         7
         gom       0.00      0.00      0.00         1
         gos       0.19      0.16      0.18      1153
         got       0.65      0.90      0.75        49
         grc       0.77      0.73      0.75       248
         grn       0.14      0.10      0.12       630
         gsw       0.10      0.09      0.10        98
         guc       0.07      0.06      0.06       199
         guj       0.71      0.91      0.80        22
         hak       0.00      0.00      0.00        12
         hat       0.00      0.00      0.00        15
         hau       0.00      0.00      0.00        20
         haw       0.11      0.06      0.08        31
         hbo       0.25      0.22      0.23        23
         hdn       0.00      0.00      0.00         2
         heb       0.99      0.99      0.99     39723
         hif       0.25      0.14      0.18         7
         hil       0.00      0.00      0.00         8
         hin       0.81      0.81      0.81      2939
         hoc       0.23      0.21      0.22       126
         hrv       0.06      0.06      0.06      1019
         hrx       0.11      0.09      0.10       217
         hsb       0.13      0.10      0.11       323
         hsn       0.00      0.00      0.00         1
         hun       0.63      0.62      0.62     71564
         hye       0.99      0.99      0.99      1002
         iba       0.00      0.00      0.00         5
         ibo       0.00      0.00      0.00         7
         ido       0.18      0.18      0.18      1975
         igs       0.00      0.00      0.00         0
         iii       0.50      0.33      0.40        18
         ike       0.21      0.25      0.23        12
         ile       0.23      0.23      0.23      1590
         ilo       0.15      0.14      0.14       506
         ina       0.28      0.29      0.28      5499
         ind       0.21      0.21      0.21      3193
         isl       0.38      0.34      0.36      2461
         ita       0.78      0.78      0.78    161216
         izh       0.00      0.00      0.00         2
         jam       0.20      0.14      0.17         7
         jav       0.38      0.28      0.32       163
         jbo       0.85      0.79      0.82      3314
         jdt       0.00      0.00      0.00         1
         jpa       0.00      0.00      0.00         1
         jpn       0.98      0.98      0.98     44112
         kaa       0.00      0.00      0.00         0
         kab       0.74      0.74      0.74    103474
         kal       0.05      0.05      0.05        19
         kam       0.00      0.00      0.00         2
         kan       1.00      1.00      1.00        37
         kas       0.14      0.05      0.07        20
         kat       0.96      0.94      0.95      1168
         kaz       0.31      0.26      0.28       791
         kek       0.00      0.00      0.00         3
         kha       0.24      0.22      0.23       385
         khm       0.93      0.90      0.92       297
         kin       0.00      0.00      0.00         4
         kir       0.02      0.02      0.02        58
         kiu       0.00      0.00      0.00         1
         kjh       0.00      0.00      0.00         4
         klj       0.00      0.00      0.00         3
         kmr       0.37      0.35      0.36      1924
         koi       0.00      0.00      0.00         4
         kor       0.96      0.93      0.94      1762
         kpv       0.00      0.00      0.00        10
         krc       0.08      0.05      0.06        43
         krl       0.10      0.14      0.12        37
         ksh       0.00      0.00      0.00        16
         kum       0.00      0.00      0.00        20
         kzj       0.14      0.13      0.13       892
         laa       0.00      0.00      0.00         3
         lad       0.09      0.09      0.09       271
         lao       0.89      0.92      0.91        52
         lat       0.25      0.24      0.25      8308
         ldn       0.21      0.08      0.12        37
         lfn       0.38      0.38      0.38      4322
         lij       0.10      0.07      0.08       140
         lim       0.00      0.00      0.00         4
         lin       0.12      0.11      0.12        18
         lit       0.53      0.50      0.52     15210
         liv       0.00      0.00      0.00         7
         lkt       0.00      0.00      0.00         4
         lld       0.00      0.00      0.00        17
         lmo       0.14      0.14      0.14         7
         ltg       0.00      0.00      0.00         7
         ltz       0.11      0.09      0.10       180
         lut       0.09      0.08      0.09        12
         lvs       0.18      0.15      0.16       628
         lzh       0.25      0.25      0.25       375
         lzz       0.60      0.60      0.60         5
         mad       0.00      0.00      0.00         1
         mah       0.00      0.00      0.00         6
         mai       0.00      0.00      0.00         4
         mal       0.95      0.99      0.97       160
         mar       0.96      0.96      0.96     13872
         max       0.11      0.09      0.10        79
         mdf       0.00      0.00      0.00         1
         mfe       0.00      0.00      0.00         1
         mgm       0.00      0.00      0.00        11
         mhr       0.23      0.23      0.23       839
         mic       1.00      0.33      0.50         3
         mik       0.07      0.05      0.05        22
         min       0.00      0.00      0.00        16
         mkd       0.60      0.59      0.59     15586
         mlg       0.00      0.00      0.00        16
         mlt       0.03      0.03      0.03        32
         mni       0.00      0.00      0.00         2
         mnr       0.00      0.00      0.00         0
         moh       0.00      0.00      0.00        18
         mon       0.34      0.31      0.32       567
         mri       0.13      0.09      0.11        87
         mrj       0.06      0.05      0.05        20
         mus       0.10      0.08      0.09       117
         mvv       0.00      0.00      0.00         4
         mwl       0.00      0.00      0.00         3
         mww       0.00      0.00      0.00        15
         mya       0.91      0.96      0.93        97
         myv       0.08      0.06      0.07        17
         nah       0.00      0.00      0.00        44
         nau       0.00      0.00      0.00         0
         nav       0.08      0.08      0.08        12
         nch       0.00      0.00      0.00         4
         nds       0.36      0.33      0.34      3596
         new       0.00      0.00      0.00         2
         ngt       0.00      0.00      0.00         3
         ngu       0.00      0.00      0.00        11
         niu       0.25      0.40      0.31         5
         nld       0.61      0.63      0.62     32219
         nlv       0.00      0.00      0.00         2
         nno       0.07      0.07      0.07       319
         nob       0.15      0.14      0.14      2889
         nog       0.07      0.07      0.07        30
         non       0.00      0.00      0.00         6
         nov       0.08      0.08      0.08        92
         npi       0.16      0.13      0.14        39
         nst       0.29      0.28      0.28       146
         nus       0.49      0.37      0.42       312
         nya       0.00      0.00      0.00         5
         nys       0.00      0.00      0.00         1
         oar       0.67      0.29      0.40         7
         oci       0.14      0.12      0.13      1197
         ofs       0.50      0.25      0.33         4
         oji       0.00      0.00      0.00         5
         ood       0.00      0.00      0.00         9
         ori       0.82      0.72      0.77        87
         orv       0.27      0.20      0.23       261
         osp       0.00      0.00      0.00         2
         oss       0.55      0.49      0.51       369
         ota       0.05      0.04      0.04       451
         otk       0.00      0.00      0.00         1
         pag       0.07      0.11      0.08         9
         pal       0.00      0.00      0.00         1
         pam       0.06      0.06      0.06       291
         pan       0.89      0.98      0.93        41
         pap       0.10      0.08      0.09        13
         pau       0.00      0.00      0.00        13
         pcd       0.20      0.17      0.18       259
         pdc       0.00      0.00      0.00        14
         pes       0.80      0.78      0.79      5203
         pfl       0.00      0.00      0.00         0
         phn       0.33      0.33      0.33         3
         pms       0.12      0.10      0.11       184
         pnb       0.00      0.00      0.00         4
         pol       0.49      0.47      0.48     23150
         por       0.70      0.70      0.70     79633
         ppl       0.00      0.00      0.00         8
         prg       0.06      0.05      0.06       179
         pus       0.00      0.00      0.00         6
         quc       0.00      0.00      0.00         2
         que       0.10      0.12      0.11        69
         qxq       0.00      0.00      0.00         1
         qya       0.18      0.17      0.18        23
         rap       0.00      0.00      0.00         6
         rif       0.09      0.06      0.07        50
         roh       0.00      0.00      0.00         1
         rom       0.26      0.22      0.23       176
         ron       0.28      0.24      0.26      5605
         rue       0.10      0.14      0.11        22
         run       0.16      0.16      0.16      1033
         rus       0.91      0.92      0.92    181876
         ryu       0.00      0.00      0.00         2
         sag       0.00      0.00      0.00         1
         sah       0.14      0.15      0.14       177
         san       0.34      0.31      0.32        39
         sat       0.97      0.97      0.97       274
         scn       0.00      0.00      0.00         6
         sco       0.00      0.00      0.00        15
         sdh       0.15      0.18      0.16       187
         sgs       0.20      0.18      0.19        11
         shi       0.11      0.08      0.10       479
         shs       0.25      0.17      0.21        23
         shy       0.00      0.00      0.00        45
         sin       0.80      0.50      0.62         8
         sjn       0.00      0.00      0.00        22
         slk       0.22      0.20      0.21      3351
         slv       0.06      0.04      0.05       220
         sma       0.09      0.08      0.09        12
         sme       0.04      0.03      0.03        31
         smo       0.06      0.08      0.07        12
         sna       0.00      0.00      0.00         6
         snd       0.00      0.00      0.00         1
         som       0.00      0.00      0.00        12
         sot       0.00      0.00      0.00         1
         spa       0.58      0.58      0.58     73803
         sqi       0.33      0.28      0.30       476
         srd       0.00      0.00      0.00         2
         srn       0.00      0.00      0.00         1
         srp       0.34      0.32      0.33      9117
         ssw       0.00      0.00      0.00         0
         stq       0.10      0.06      0.07        17
         sun       0.00      0.00      0.00         5
         sux       0.81      0.88      0.85        34
         swe       0.48      0.45      0.46      9413
         swg       0.07      0.06      0.06       401
         swh       0.10      0.08      0.09       120
         szl       0.00      0.00      0.00         2
         tah       0.00      0.00      0.00         9
         tam       0.96      0.97      0.97        74
         tat       0.41      0.39      0.40      2777
         tel       0.91      0.93      0.92        57
         tet       0.00      0.00      0.00        13
         tgk       0.00      0.00      0.00        16
         tgl       0.43      0.41      0.42      3643
         tha       0.91      0.92      0.91       930
         thv       0.04      0.03      0.03       119
         tig       0.00      0.00      0.00         1
         tir       0.50      0.63      0.56        19
         tkl       0.00      0.00      0.00         4
         tlh       0.81      0.78      0.80      4456
         tly       0.11      0.12      0.11        17
         tmr       0.07      0.09      0.08        11
         toi       0.00      0.00      0.00         3
         tok       0.92      0.93      0.92      9453
         ton       0.00      0.00      0.00         2
         tpi       0.05      0.09      0.06        11
         tpw       0.03      0.03      0.03       108
         tsn       0.00      0.00      0.00         7
         tso       0.00      0.00      0.00         1
         tts       0.00      0.00      0.00        16
         tuk       0.13      0.10      0.11      1334
         tur       0.75      0.75      0.75    144000
         tvl       0.00      0.00      0.00         2
         tyv       0.00      0.00      0.00         3
         tzl       0.14      0.09      0.11        65
         udm       0.00      0.00      0.00        15
         uig       0.75      0.73      0.74      1563
         ukr       0.71      0.69      0.70     35288
         umb       0.25      0.29      0.27         7
         urd       0.72      0.74      0.73       418
         urh       0.00      0.00      0.00         1
         uzb       0.06      0.04      0.05       202
         vec       0.02      0.03      0.02        39
         vep       0.00      0.00      0.00         5
         vie       0.84      0.77      0.80      4142
         vol       0.27      0.25      0.26       904
         vro       0.00      0.00      0.00         3
         war       0.07      0.06      0.07       388
         wln       0.00      0.00      0.00        10
         wol       0.00      0.00      0.00        23
         wuu       0.33      0.34      0.34       941
         xal       0.19      0.17      0.18       184
         xho       0.06      0.04      0.05        50
         xmf       0.06      0.08      0.07        12
         xqa       0.00      0.00      0.00         1
         yid       0.85      0.84      0.85      1863
         yor       0.33      0.25      0.29         8
         yua       0.00      0.00      0.00         4
         yue       0.40      0.43      0.41      1194
         zea       0.00      0.00      0.00         3
         zgh       0.84      0.85      0.85       305
         zlm       0.08      0.06      0.07       299
         zsm       0.14      0.11      0.12      1324
         zul       0.07      0.08      0.08        12
         zza       0.14      0.10      0.12       337

    accuracy                           0.75   2068363
   macro avg       0.21      0.20      0.20   2068363
weighted avg       0.75      0.75      0.75   2068363
