columns are predicted labels, rows are true labels:
[[0 0 0 ... 0 0 0]
 [0 0 0 ... 0 0 0]
 [0 0 0 ... 0 0 0]
 ...
 [0 1 0 ... 0 0 0]
 [0 0 0 ... 0 0 0]
 [0 0 0 ... 0 0 0]]
              precision    recall  f1-score   support

         abk       0.00      0.00      0.00         6
         acm       0.00      0.00      0.00        14
         ady       0.00      0.00      0.00         9
         afb       0.00      0.00      0.00        29
         afh       0.00      0.00      0.00        13
         afr       0.00      0.00      0.00       801
         aii       0.00      0.00      0.00         1
         ain       0.00      0.00      0.00        64
         ajp       0.00      0.00      0.00         2
         akl       0.00      0.00      0.00         4
         aln       0.00      0.00      0.00         6
         alt       0.00      0.00      0.00         2
         amh       0.00      0.04      0.00        47
         ang       0.00      0.00      0.00        51
         aoz       0.00      0.00      0.00         2
         apc       0.00      0.00      0.00        19
         ara       0.00      0.00      0.00      7727
         arg       0.00      0.00      0.00        19
         arq       0.00      0.00      0.00       470
         ary       0.00      0.00      0.00        10
         arz       0.00      0.00      0.00       215
         asm       0.00      0.00      0.00       637
         ast       0.00      0.00      0.00        57
         avk       0.00      0.00      0.00       807
         awa       0.00      0.00      0.00        60
         ayl       0.00      0.00      0.00         1
         aym       0.00      0.00      0.00         2
         aze       0.00      0.00      0.00      1063
         bak       0.00      0.00      0.00        44
         bal       0.00      0.00      0.00        18
         bam       0.00      0.00      0.00         1
         ban       0.00      0.00      0.00         1
         bar       0.00      0.00      0.00        47
         bcl       0.00      0.00      0.00         1
         bel       0.00      0.00      0.00      2480
         ben       0.00      0.00      0.00       956
         ber       0.00      0.00      0.00    117872
         bfz       0.00      0.00      0.00        16
         bho       0.00      0.00      0.00         9
         bis       0.00      0.00      0.00         6
         bjn       0.00      0.00      0.00        24
         bod       0.00      0.00      0.00         9
         bom       0.00      0.00      0.00        13
         bos       0.00      0.00      0.00       120
         bre       0.00      0.00      0.00      1456
         brx       0.00      0.00      0.00         1
         bua       0.00      0.00      0.00       166
         bul       0.00      0.00      0.00      4878
         bvy       0.00      0.00      0.00        13
         bzt       0.00      0.00      0.00        60
         cat       0.00      0.00      0.00      1541
         cay       0.00      0.00      0.00         5
         cbk       0.00      0.00      0.00       549
         ceb       0.00      0.00      0.00       305
         ces       0.00      0.00      0.00     12788
         cha       0.00      0.00      0.00        60
         che       0.00      0.00      0.00         6
         chg       0.00      0.00      0.00         2
         chn       0.00      0.00      0.00        15
         cho       0.00      0.00      0.00        19
         chr       0.00      0.00      0.00         2
         chv       0.00      0.00      0.00       340
         cjy       0.00      0.00      0.00         2
         ckb       0.00      0.00      0.00      2085
         ckt       0.00      0.00      0.00       100
         cmn       0.00      0.00      0.00     14544
         cmo       0.00      0.00      0.00        16
         cor       0.00      0.03      0.00       793
         cos       0.00      0.00      0.00         4
         cpi       0.00      0.00      0.00         1
         crh       0.00      0.00      0.00        55
         crk       0.00      0.00      0.00         1
         crs       0.00      0.00      0.00         0
         csb       0.00      0.00      0.00       208
        cycl       0.00      0.00      0.00         7
         cym       0.00      0.00      0.00       304
         cyo       0.00      0.00      0.00         0
         dan       0.00      0.00      0.00     11047
         deu       0.08      0.00      0.00    116966
         diq       0.00      0.00      0.00         1
         div       0.00      0.00      0.00         3
         dng       0.00      0.00      0.00         8
         drt       0.00      0.00      0.00         8
         dsb       0.00      0.00      0.00       223
         dtp       0.00      0.00      0.00       607
         dws       0.00      0.00      0.00         8
         egl       0.00      0.00      0.00        24
         ell       0.00      0.00      0.00      6888
         emx       0.00      0.00      0.00         2
         eng       0.80      0.00      0.00    317574
         enm       0.00      0.00      0.00        28
         epo       0.00      0.00      0.00    137049
         est       0.00      0.00      0.00       719
         eus       0.00      0.00      0.00      1242
         evn       0.00      0.00      0.00        13
         ewe       0.00      0.00      0.00         6
         ext       0.00      0.00      0.00        16
         fao       0.00      0.00      0.00        77
         fij       0.00      0.00      0.00         9
         fin       0.00      0.00      0.00     27626
         fkv       0.00      0.00      0.00        79
         fra       0.00      0.00      0.00    100590
         frm       0.00      0.00      0.00         4
         fro       0.00      0.00      0.00        15
         frr       0.00      0.01      0.00       539
         fry       0.00      0.00      0.00        70
         fuc       0.00      0.00      0.00         0
         fur       0.00      0.00      0.00         7
         fuv       0.00      0.00      0.00         7
         gaa       0.00      0.00      0.00         0
         gag       0.00      0.00      0.00         2
         gan       0.00      0.00      0.00         0
         gbm       0.00      0.00      0.00         9
         gcf       0.00      0.00      0.00       437
         gil       0.00      0.00      0.00         5
         gla       0.00      0.00      0.00       220
         gle       0.00      0.00      0.00       525
         glg       0.00      0.00      0.00       932
         glv       0.00      0.00      0.00        12
         gom       0.00      0.00      0.00         2
         gos       0.00      0.00      0.00      1133
         got       0.00      0.00      0.00        62
         grc       0.00      0.00      0.00       236
         grn       0.00      0.00      0.00       578
         gsw       0.00      0.00      0.00        93
         guc       0.00      0.00      0.00       180
         guj       0.00      0.00      0.00        38
         hak       0.00      0.00      0.00        11
         hat       0.00      0.00      0.00        20
         hau       0.00      0.00      0.00        10
         haw       0.00      0.00      0.00        32
         hax       0.00      0.00      0.00         1
         hbo       0.00      0.00      0.00        22
         hdn       0.00      0.00      0.00         1
         heb       0.00      0.00      0.00     39836
         hif       0.00      0.00      0.00         6
         hil       0.00      0.00      0.00         9
         hin       0.00      0.00      0.00      2866
         hnj       0.00      1.00      0.00         1
         hoc       0.00      0.00      0.00       153
         hrv       0.00      0.00      0.00      1037
         hrx       0.00      0.00      0.00       215
         hsb       0.00      0.00      0.00       262
         hsn       0.00      0.00      0.00         1
         hun       0.00      0.00      0.00     71118
         hye       0.00      0.00      0.00      1020
         iba       0.00      0.00      0.00        10
         ibo       0.00      0.00      0.00         4
         ido       0.00      0.00      0.00      1948
         igs       0.00      0.00      0.00         2
         iii       0.00      1.00      0.00         7
         ike       0.00      0.00      0.00        10
         ile       0.00      0.00      0.00      1558
         ilo       0.00      0.00      0.00       481
         ina       0.02      0.00      0.00      5550
         ind       0.00      0.00      0.00      3145
         isl       0.00      0.00      0.00      2479
         ita       0.00      0.00      0.00    160521
         izh       0.00      0.00      0.00         3
         jam       0.00      0.00      0.00         3
         jav       0.00      0.00      0.00       150
         jbo       0.00      0.00      0.00      3269
         jdt       0.00      0.00      0.00         2
         jpa       0.00      0.00      0.00         1
         jpn       0.00      0.00      0.00     43864
         kaa       0.00      0.00      0.00         1
         kab       0.00      0.00      0.00    104070
         kal       0.00      0.00      0.00        14
         kam       0.00      0.00      0.00         1
         kan       0.00      0.00      0.00        34
         kas       0.00      0.00      0.00         4
         kat       0.00      0.00      0.00      1249
         kaz       0.00      0.00      0.00       763
         kek       0.00      0.00      0.00         5
         kha       0.00      0.00      0.00       388
         khm       0.00      0.00      0.00       292
         kin       0.00      0.00      0.00         7
         kir       0.00      0.00      0.00        50
         kiu       0.00      0.00      0.00         3
         kjh       0.00      0.00      0.00        11
         klj       0.00      0.00      0.00         5
         kmr       0.00      0.00      0.00      1907
         koi       0.00      0.00      0.00        16
         kor       0.00      0.00      0.00      1819
         kpv       0.00      0.00      0.00         8
         krc       0.00      0.00      0.00        35
         krl       0.00      0.00      0.00        45
         ksh       0.00      0.00      0.00        26
         kum       0.00      0.00      0.00        33
         kxi       0.00      0.00      0.00         2
         kzj       0.00      0.00      0.00       928
         laa       0.00      0.00      0.00         2
         lad       0.00      0.00      0.00       231
         lao       0.00      0.00      0.00        45
         lat       0.00      0.00      0.00      8408
         ldn       0.00      0.00      0.00        23
         lfn       0.00      0.00      0.00      4258
         lij       0.00      0.00      0.00       141
         lim       0.00      0.00      0.00         8
         lin       0.00      0.00      0.00        13
         lit       0.00      0.00      0.00     15318
         liv       0.00      0.00      0.00         9
         lkt       0.00      0.00      0.00         6
         lld       0.00      0.00      0.00        21
         lmo       0.00      0.00      0.00         7
         lou       0.00      0.00      0.00         1
         ltg       0.00      0.00      0.00         7
         ltz       0.00      0.00      0.00       187
         lug       0.00      0.00      0.00         2
         lut       0.00      0.00      0.00         9
         lvs       0.00      0.00      0.00       626
         lzh       0.00      0.00      0.00       373
         lzz       0.00      0.00      0.00         3
         mad       0.00      0.00      0.00         1
         mah       0.00      0.00      0.00         8
         mai       0.00      0.00      0.00         0
         mal       0.00      0.00      0.00       155
         mar       0.02      0.00      0.00     13966
         max       0.00      0.00      0.00        92
         mdf       0.00      0.00      0.00         1
         mfe       0.00      0.00      0.00         2
         mgm       0.00      0.00      0.00        12
         mhr       0.00      0.00      0.00       905
         mic       0.00      0.00      0.00         3
         mik       0.00      0.00      0.00        17
         min       0.00      0.00      0.00        28
         mkd       0.00      0.00      0.00     15663
         mlg       0.00      0.00      0.00        10
         mlt       0.00      0.00      0.00        44
         mnc       0.00      0.00      0.00         0
         mni       0.00      0.00      0.00         0
         mnr       0.00      0.00      0.00         0
         mnw       0.00      0.00      0.00         4
         moh       0.00      0.00      0.00        19
         mon       0.00      0.00      0.00       546
         mri       0.00      0.00      0.00        77
         mrj       0.00      0.00      0.00        15
         mus       0.00      0.00      0.00       141
         mvv       0.00      0.00      0.00         6
         mwl       0.00      0.00      0.00         4
         mww       0.00      0.00      0.00        15
         mya       0.00      0.00      0.00       121
         myv       0.00      0.00      0.00        10
         nah       0.00      0.00      0.00        42
         nau       0.00      0.00      0.00         4
         nav       0.00      0.00      0.00        19
         nch       0.00      0.00      0.00        12
         nds       0.00      0.00      0.00      3628
         new       0.00      0.00      0.00         5
         ngt       0.00      0.00      0.00         4
         ngu       0.00      0.00      0.00        11
         niu       0.00      0.00      0.00         7
         nld       0.02      0.00      0.00     31714
         nlv       0.00      0.00      0.00         3
         nno       0.00      0.00      0.00       315
         nob       0.00      0.00      0.00      2875
         nog       0.00      0.00      0.00        31
         non       0.00      0.00      0.00         4
         nov       0.00      0.00      0.00       102
         npi       0.00      0.00      0.00        40
         nst       0.00      0.00      0.00       171
         nus       0.00      0.00      0.00       301
         nya       0.00      0.00      0.00         4
         oar       0.00      0.00      0.00         3
         oci       0.00      0.00      0.00      1123
         ofs       0.00      0.00      0.00         2
         oji       0.00      0.00      0.00         5
         ood       0.00      0.00      0.00         7
         ori       0.00      0.01      0.00        70
         orv       0.00      0.00      0.00       253
         osp       0.00      0.00      0.00         2
         oss       0.00      0.00      0.00       383
         osx       0.00      0.00      0.00         2
         ota       0.00      0.00      0.00       468
         otk       0.00      0.00      0.00         1
         pag       0.00      0.00      0.00         8
         pal       0.00      0.00      0.00         1
         pam       0.00      0.00      0.00       290
         pan       0.00      0.00      0.00        40
         pap       0.00      0.00      0.00        21
         pau       0.00      0.00      0.00         5
         pcd       0.00      0.00      0.00       287
         pdc       0.00      0.00      0.00         8
         pes       0.00      0.00      0.00      5137
         pfl       0.00      0.00      0.00         2
         phn       0.00      0.00      0.00         2
         pli       0.00      0.00      0.00         1
         pms       0.00      0.00      0.00       157
         pnb       0.00      0.00      0.00         6
         pol       0.00      0.00      0.00     23334
         por       0.00      0.00      0.00     79189
         ppl       0.00      0.00      0.00        14
         prg       0.00      0.00      0.00       186
         pus       0.00      0.00      0.00         8
         quc       0.00      0.00      0.00         1
         que       0.00      0.00      0.00        91
         qxq       0.00      0.00      0.00         4
         qya       0.00      0.00      0.00        33
         rap       0.00      0.00      0.00         9
         rel       0.00      0.00      0.00         1
         rif       0.00      0.00      0.00        44
         roh       0.00      0.00      0.00         4
         rom       0.00      0.00      0.00       182
         ron       0.00      0.00      0.00      5577
         rue       0.00      0.00      0.00        26
         run       0.00      0.00      0.00      1036
         rus       0.00      0.00      0.00    182440
         sag       0.00      0.00      0.00         2
         sah       0.00      0.00      0.00       184
         san       0.00      0.00      0.00        29
         sat       0.00      0.00      0.00       230
         scn       0.00      0.00      0.00         6
         sco       0.00      0.00      0.00        22
         sdh       0.00      0.00      0.00       189
         sgs       0.00      0.00      0.00        11
         shi       0.00      0.00      0.00       408
         shs       0.00      0.00      0.00        15
         shy       0.00      0.00      0.00        47
         sin       0.00      0.08      0.00        12
         sjn       0.00      0.00      0.00        16
         slk       0.00      0.00      0.00      3384
         slv       0.00      0.00      0.00       228
         sma       0.00      0.00      0.00         7
         sme       0.00      0.00      0.00        41
         smo       0.00      0.00      0.00        18
         sna       0.00      0.00      0.00        10
         snd       0.00      0.00      0.00         0
         som       0.00      0.00      0.00        18
         sot       0.00      0.00      0.00         0
         spa       0.00      0.00      0.00     73967
         sqi       0.00      0.00      0.00       506
         srd       0.00      0.00      0.00         2
         srn       0.00      0.00      0.00         0
         srp       0.00      0.00      0.00      9010
         ssw       0.00      0.00      0.00         0
         stq       0.00      0.00      0.00        18
         sun       0.00      0.00      0.00         6
         sux       0.00      0.00      0.00        39
         swe       0.00      0.00      0.00      9601
         swg       0.00      0.00      0.00       386
         swh       0.00      0.00      0.00       120
         syc       0.00      0.00      0.00         1
         szl       0.00      0.00      0.00         2
         tah       0.00      0.00      0.00         5
         tam       0.00      0.00      0.00        70
         tat       0.00      0.00      0.00      2780
         tel       0.00      0.00      0.00        51
         tet       0.00      0.00      0.00         8
         tgk       0.00      0.00      0.00         9
         tgl       0.00      0.00      0.00      3544
         tha       0.00      0.00      0.00       966
         thv       0.00      0.00      0.00       123
         tig       0.00      1.00      0.00         1
         tir       0.00      0.00      0.00        29
         tkl       0.00      0.00      0.00         1
         tlh       0.00      0.00      0.00      4365
         tly       0.00      0.00      0.00        12
         tmr       0.00      0.00      0.00        16
         tmw       0.00      0.00      0.00         0
         toi       0.00      0.00      0.00         2
         tok       0.02      0.05      0.03      9557
         ton       0.00      0.00      0.00         5
         tpi       0.00      0.00      0.00        29
         tpw       0.00      0.00      0.00       129
         tsn       0.00      0.00      0.00         8
         tso       0.00      0.00      0.00         0
         tts       0.00      0.00      0.00        12
         tuk       0.00      0.00      0.00      1346
         tur       0.00      0.00      0.00    143702
         tvl       0.00      0.00      0.00         3
         tyv       0.00      0.00      0.00         3
         tzl       0.00      0.00      0.00        69
         udm       0.00      0.00      0.00        11
         uig       0.00      0.00      0.00      1591
         ukr       0.02      0.00      0.00     35679
         umb       0.00      0.00      0.00         4
         urd       0.00      0.00      0.00       411
         uzb       0.00      0.00      0.00       199
         vec       0.00      0.00      0.00        27
         vep       0.00      0.00      0.00         4
         vie       0.02      0.00      0.01      4305
         vol       0.00      0.00      0.00       896
         vro       0.00      0.00      0.00         3
         war       0.00      0.00      0.00       402
         wln       0.00      0.00      0.00        10
         wol       0.00      0.00      0.00        21
         wuu       0.00      0.00      0.00       969
         xal       0.00      0.00      0.00       170
         xho       0.00      0.00      0.00        55
         xmf       0.00      0.00      0.00        14
         xqa       0.00      0.00      0.00         1
         yid       0.00      0.00      0.00      1950
         yor       0.00      0.00      0.00         5
         yua       0.00      0.00      0.00         1
         yue       0.00      0.00      0.00      1258
         zea       0.00      0.00      0.00         3
         zgh       0.00      0.00      0.00       335
         zlm       0.00      0.00      0.00       325
         zsm       0.00      0.00      0.00      1306
         zul       0.00      0.00      0.00        18
         zza       0.00      0.00      0.00       348

    accuracy                           0.00   2068363
   macro avg       0.00      0.01      0.00   2068363
weighted avg       0.13      0.00      0.00   2068363
Accuracy: 0.000594673178740869